1016933485
1022934429
1026073074
1031830419
1034818297
1082064837
1087968824
1147343166
1152571838
1154724315
1202324380
1212125803
1213091091
1229682846
1256797648
1321109007
133475361
1353714520
1355548658
1361102660
1365836656
1376477209
1377654118
1396253617
1404494933
1405819995
1433227431
1436502258
1445795501
1454983563
1489830238
1564975136
1592952648
1607013630
1612667122
1689732095
1707253907
1715700739
1724101553
1757007838
1782856629
1916792850
2012320982
2023822676
2071878089
2089990774
288336501
299936941
318175057
352558150
382173395
405530441
438612124
454837502
462130576
471402372
478673047
486689085
5005395540
503911538
5073275074
5081007255
5094981327
514011028
5159912918
5251655131
5282130845
5349922870
535843817
5367520932
5402305531
5418151764
5420828918
5433535895
5504854709
5545001134
5579727013
5589847265
5653441584
5692129395
575048661
5826612530
5833536733
5841531951
5927505095
5932514284
5942112020
5951800846
6013946994
604149872
6052235620
6140432087
6184133431
620799427
6214891704
6263626975
6277059901
6315350078
632243351
6394838576
6501121848
654986333
6610938383
679493232
735290549
738075024
748071801
752150572
755603926
758208706
775691351
786479804
793469187
794598980
811121076
825908038
849988807
878639065
905761777
909162720
927810948
941377839
944818558
973044188
985889878
422429721
432653233
6405835648
6768971535
5270143540
5746619645
390689310
6137132462
700871259
6295418912
7396290897
7292759408
5139289275
5958430761
5252203524
292174429
295899920
751546752
958138287
1397050141
6828347998
5706968560
5115124863
1420923866
916011559
795012989
844754017
1259955567
1254023447
1385299826
5107644456
6244793195
6244793195
6244793195
5717323508
5214708613
6742103193
6247182314
1229854811
5053348502
5121150930
1177239975
1439359266
6573887066
6157841423
1492106855
638703860
982663221
6790599580
1432436569
5710292927
5211550152
5263672310
648141177
5014346214
6349387809
5120089166
6251165642
819396816
5995164858
5225731795
5516025116
5213235684
6173360019
5298372092
1777924281
1881061032
437930541
1287576277
6365753810
6854473850
1260285672
418540936
635647240
6336796195
1457168891
2135186637
6809426077
1058939772
1432293476
649730456
1451096507
146140261
6186998387
1091635432
5916350956
1035908408
6000982037
1464914055
5197127550
6810832076
7441691456
1717395180
6645373468
1047045755
5131540425
2007137647
6546496647
5135978474
1760523257
5209269707
1402882269
166897367
5215455282
5430004961
1607339006
6684786972
1241056126
5232545860
7162596987
915792733
730703078
1919693957
5514179631
5115757120
2072651370
702816871
6385316123
2103443974
5078775692
580775878
5286619328
1923082284
893074771
6316344096
5186856182
52609476
1826785990
5899815518
1051133440
5918005878
1438218983
